[[  0.   0.   0.]
 [  0.  46.   0.]
 [  0.   0.   0.]]
[[ 83.  65.  43.  72.  46.  37.  22.  93.  77.  13.  61.  99.]
 [ 38.  50.  43.  24.  16.  59.  91.  80.  24.  56.  31.  51.]
 [ 95.  52.  31.  55.  51.  49.  22.  93.  85.  32.  91.  95.]
 [ 65.  12.  65.  81.  93.  89.  81.  67.  17.  92.  45.  13.]
 [ 27.  47.  13.  14.  83.  73.  55.  74.  28.  51.  86.  90.]
 [ 13.  22.  36.  14.  17.  60.  21.  35.  24.  72.  85.  92.]
 [ 69.  98.  67.  33.  29.  78.  14.  24.  82.  52.  53.  64.]
 [ 83.  71.  94.  28.  37.  64.  39.  63.  88.  27.  26.  75.]
 [ 20.  84.  75.  15.  76.  20.  70.  32.  43.  96.  94.  43.]
 [ 23.  56.  54.  57.  34.  22.  97.  92.  37.  29.  77.  59.]
 [ 40.  54.  79.  81.  15.  60.  35.  69.  35.  81.  90.  37.]
 [ 59.  12.  48.  80.  73.  66.  52.  81.  68.  15.  96.  31.]]
[[ 20.75  16.25  10.75  18.    11.5    9.25   5.5   23.25  19.25   3.25
   15.25  24.75]
 [  9.5   14.    12.25  11.25  12.75  11.5   13.75  14.5   15.75  14.    15.5
   12.75]
 [ 23.75  12.75  12.75  15.    16.    15.5   17.    15.25  13.75  15.
   14.75  23.75]
 [ 16.25  12.75  11.5   17.    24.5   30.5   30.75  23.    20.    13.75
   15.75   3.25]
 [  6.75   8.5    8.25  20.5   29.25  36.25  38.    25.5   19.5   16.75
   16.5   22.5 ]
 [  3.25  11.75  12.25  21.75  32.    38.25  39.    28.25  22.    17.75
   16.75  23.  ]
 [ 17.25  15.25  14.5   24.25  33.5   39.5   41.    32.75  23.5   15.5
   14.5   16.  ]
 [ 20.75  16.75  14.75  21.5   23.75  27.5   27.25  22.5   17.5   16.25
   16.75  18.75]
 [  5.    13.25  13.25  16.    14.5   18.5   19.    18.5   17.    15.5
   14.5   10.75]
 [  5.75  11.5   14.75  13.5   13.    13.75  16.    14.    14.5   16.
   15.25  14.75]
 [ 10.    11.25  13.    13.25  14.75  13.5   14.75  14.25  14.5   15.75
   13.25   9.25]
 [ 14.75   3.    12.    20.    18.25  16.5   13.    20.25  17.     3.75
   24.     7.75]]
